0 0.25390625 0.19296875 0.06640625 0.10703125
0 0.60234375 0.66484375 0.10546875 0.11953125
0 0.57265625 0.82109375 0.08828125 0.1359375
0 0.65078125 0.575 0.13984375 0.16953125
0 0.85625 0.70390625 0.128125 0.13125
0 0.9671875 0.66328125 0.065625 0.24296875
0 0.75703125 0.5703125 0.1125 0.1125
0 0.84140625 0.46328125 0.12734375 0.08515625
0 0.95625 0.4421875 0.0875 0.165625
0 0.90234375 0.5703125 0.071875 0.08828125
0 0.55625 0.31015625 0.06328125 0.165625
0 0.6328125 0.3390625 0.0625 0.1234375
0 0.578125 0.44453125 0.09296875 0.0984375
0 0.74765625 0.4078125 0.04921875 0.096875