0 0.67265625 0.70234375 0.159375 0.1703125
0 0.71171875 0.76640625 0.1421875 0.14375
0 0.58125 0.71875 0.08125 0.08125
0 0.71640625 0.659375 0.1125 0.1171875
0 0.57109375 0.4609375 0.090625 0.0921875
0 0.57109375 0.525 0.1390625 0.146875
0 0.6421875 0.55703125 0.1140625 0.1109375
0 0.66328125 0.61484375 0.109375 0.1125
0 0.54921875 0.6140625 0.165625 0.178125
0 0.25234375 0.56484375 0.1953125 0.2109375
0 0.36640625 0.46328125 0.1140625 0.1203125
0 0.459375 0.38359375 0.071875 0.0734375
0 0.43046875 0.4796875 0.153125 0.1578125
0 0.46953125 0.5765625 0.146875 0.15625
0 0.4984375 0.67421875 0.146875 0.1546875
0 0.40234375 0.25078125 0.2359375 0.240625