0 0.2703125 0.18046875 0.071875 0.1109375
0 0.59375 0.6703125 0.1109375 0.125
0 0.55546875 0.82421875 0.0953125 0.140625
0 0.646875 0.5828125 0.1484375 0.1765625
0 0.8453125 0.72265625 0.134375 0.1375
0 0.9578125 0.6875 0.078125 0.2453125
0 0.753125 0.58359375 0.11875 0.11875
0 0.84296875 0.48125 0.13125 0.0921875
0 0.95546875 0.46640625 0.0890625 0.1703125
0 0.8984375 0.59140625 0.0765625 0.0921875
0 0.56640625 0.31328125 0.071875 0.16875
0 0.64140625 0.34609375 0.06875 0.125
0 0.58125 0.4484375 0.0984375 0.103125
0 0.75234375 0.42109375 0.053125 0.1