0 0.14453125 0.33203125 0.1078125 0.1265625
0 0.6640625 0.603125 0.146875 0.153125
0 0.70625 0.75703125 0.1390625 0.1609375
0 0.66875 0.5015625 0.2 0.2140625
0 0.909375 0.52734375 0.1734375 0.1734375
0 0.95390625 0.4421875 0.0921875 0.246875
0 0.76171875 0.45078125 0.15 0.15
0 0.790625 0.3171875 0.1515625 0.1328125
0 0.884375 0.24765625 0.1515625 0.1875
0 0.8921875 0.38671875 0.103125 0.1109375
0 0.4671875 0.3046875 0.1296875 0.1765625
0 0.5484375 0.296875 0.1109375 0.1390625
0 0.54609375 0.415625 0.1265625 0.1296875
0 0.68203125 0.30859375 0.0859375 0.1078125