0 0.65859375 0.7140625 0.1640625 0.1671875
0 0.69296875 0.78046875 0.14375 0.14375
0 0.565625 0.7234375 0.0828125 0.0828125
0 0.7046875 0.67421875 0.1140625 0.115625
0 0.5734375 0.465625 0.0921875 0.0921875
0 0.56953125 0.5296875 0.1421875 0.14375
0 0.6375 0.56640625 0.1140625 0.1140625
0 0.6546875 0.62578125 0.1109375 0.1109375
0 0.54140625 0.6171875 0.171875 0.175
0 0.2484375 0.54765625 0.2015625 0.20625
0 0.36953125 0.45390625 0.1171875 0.11875
0 0.46796875 0.38125 0.0734375 0.0734375
0 0.43203125 0.475 0.1546875 0.15625
0 0.4640625 0.57421875 0.1515625 0.1546875
0 0.4859375 0.67421875 0.15 0.153125
0 0.41953125 0.24453125 0.2375 0.2390625