0 0.83046875 0.5578125 0.08984375 0.1046875
0 0.73203125 0.50546875 0.06875 0.2015625
0 0.78359375 0.4578125 0.065625 0.09140625
0 0.3828125 0.59375 0.07578125 0.196875
0 0.4140625 0.478125 0.07265625 0.090625
0 0.48203125 0.45546875 0.06171875 0.16015625
0 0.54609375 0.45 0.0875 0.18984375
0 0.61171875 0.4609375 0.03828125 0.1484375
0 0.47421875 0.5734375 0.0828125 0.1484375
0 0.58359375 0.59140625 0.1015625 0.109375
0 0.67109375 0.4734375 0.08671875 0.17734375
0 0.30234375 0.34140625 0.13828125 0.17265625