0 0.83984375 0.49296875 0.3203125 0.5640625
0 0.4875 0.70078125 0.34375 0.4546875
0 0.47109375 0.29921875 0.225 0.190625
0 0.27109375 0.521875 0.13125 0.16875
0 0.08984375 0.3125 0.153125 0.196875
0 0.16640625 0.13125 0.153125 0.14375
0 0.209375 0.34453125 0.134375 0.13125
0 0.4328125 0.07265625 0.140625 0.1453125
0 0.315625 0.05546875 0.140625 0.1109375
0 0.68515625 0.27109375 0.09375 0.13125
0 0.78515625 0.253125 0.1515625 0.246875
0 0.925 0.35703125 0.15 0.1953125
0 0.93046875 0.62109375 0.1390625 0.3171875
0 0.8453125 0.64296875 0.096875 0.1375
0 0.71796875 0.96875 0.0890625 0.0625
0 0.37421875 0.9 0.215625 0.15625
0 0.49453125 0.23828125 0.28125 0.2734375