0 0.690625 0.15078125 0.2109375 0.221875
0 0.50859375 0.15859375 0.2046875 0.20625
0 0.4484375 0.30234375 0.1375 0.14375
0 0.5828125 0.40703125 0.165625 0.171875
0 0.51875 0.59921875 0.109375 0.1109375
0 0.6484375 0.5359375 0.2515625 0.2625
0 0.88671875 0.396875 0.1 0.1
0 0.83125 0.32421875 0.14375 0.1421875
0 0.78125 0.184375 0.115625 0.11875
0 0.93671875 0.4421875 0.1265625 0.175
0 0.771875 0.55546875 0.115625 0.1125
0 0.878125 0.79140625 0.1484375 0.1609375
0 0.95859375 0.64453125 0.0828125 0.1890625
0 0.975 0.5359375 0.05 0.1375
0 0.91796875 0.59296875 0.140625 0.1453125
0 0.92734375 0.6578125 0.1453125 0.16875
0 0.8671875 0.54921875 0.125 0.13125
0 0.83515625 0.62578125 0.1296875 0.1296875