0 0.76171875 0.5484375 0.08125 0.15390625
0 0.83203125 0.5734375 0.096875 0.10625
0 0.70078125 0.61875 0.05703125 0.05859375
0 0.76875 0.4875 0.065625 0.096875
0 0.53046875 0.425 0.05859375 0.07265625
0 0.57109375 0.47421875 0.07578125 0.1265625
0 0.64609375 0.4546875 0.0875 0.0734375
0 0.69921875 0.48671875 0.06796875 0.08984375
0 0.61015625 0.5578125 0.08046875 0.16484375
0 0.3484375 0.70625 0.09140625 0.196875
0 0.3734375 0.55546875 0.06328125 0.1046875
0 0.3953125 0.43515625 0.04921875 0.05390625
0 0.4328125 0.528125 0.09296875 0.12734375
0 0.52421875 0.57890625 0.07734375 0.1390625
0 0.60859375 0.63671875 0.0828125 0.13125
0 0.2671875 0.36796875 0.15390625 0.184375