0 0.5671875 0.3875 0.15234375 0.42734375
0 0.55390625 0.078125 0.13984375 0.15546875
0 0.0640625 0.30703125 0.12734375 0.29296875
0 0.31953125 0.47890625 0.13203125 0.275
0 0.5921875 0.8109375 0.1140625 0.22265625
0 0.7234375 0.75859375 0.11640625 0.25546875
0 0.67734375 0.36796875 0.096875 0.2328125
0 0.55390625 0.078125 0.115625 0.15625
0 0.09921875 0.07890625 0.0796875 0.1578125
0 0.20390625 0.14453125 0.17578125 0.2890625
0 0.3515625 0.15 0.13984375 0.19140625
0 0.1203125 0.48359375 0.240625 0.2265625
0 0.08125 0.6796875 0.1625 0.240625
0 0.1125 0.86328125 0.225 0.2640625
0 0.24375 0.74140625 0.09453125 0.18359375
0 0.3796875 0.68671875 0.15390625 0.2375
0 0.48828125 0.8171875 0.1109375 0.36484375