0 0.50859375 0.36953125 0.3296875 0.45
0 0.35546875 0.1 0.1953125 0.2
0 0.0734375 0.525 0.146875 0.31875
0 0.3296875 0.56328125 0.2421875 0.3046875
0 0.7234375 0.73515625 0.203125 0.25
0 0.81640625 0.62890625 0.2203125 0.28125
0 0.5984375 0.3015625 0.1921875 0.2515625
0 0.35625 0.1 0.1734375 0.1921875
0 0.109375 0.3171875 0.21875 0.3375
0 0.20859375 0.25546875 0.2109375 0.234375
0 0.15625 0.65703125 0.3125 0.3109375
0 0.20859375 0.85 0.2546875 0.2875
0 0.31953125 0.91484375 0.3203125 0.1703125
0 0.38125 0.83125 0.1671875 0.20625
0 0.47734375 0.72109375 0.2453125 0.28125
0 0.63359375 0.78828125 0.2640625 0.3765625