0 0.41484375 0.11171875 0.0984375 0.2078125
0 0.2828125 0.23671875 0.1375 0.15390625
0 0.33125 0.384375 0.0734375 0.12578125
0 0.5015625 0.37578125 0.0875 0.15234375
0 0.57890625 0.5625 0.06875 0.08671875
0 0.6359375 0.4296875 0.13125 0.2328125
0 0.72421875 0.16875 0.06640625 0.075
0 0.63515625 0.15 0.109375 0.09296875
0 0.50546875 0.07734375 0.06953125 0.096875
0 0.80859375 0.15625 0.09296875 0.15078125
0 0.74140625 0.36328125 0.09609375 0.065625
0 0.9765625 0.471875 0.046875 0.171875
0 0.975 0.278125 0.04921875 0.2078125
0 0.91328125 0.18828125 0.07109375 0.1203125
0 0.8765625 0.29609375 0.075 0.128125
0 0.93125 0.334375 0.06640625 0.16640625
0 0.809375 0.29609375 0.0640625 0.11796875
0 0.8359375 0.375 0.08984375 0.09375