0 0.696875 0.1546875 0.2125 0.2203125
0 0.51484375 0.159375 0.2046875 0.20625
0 0.45234375 0.30078125 0.1390625 0.1421875
0 0.584375 0.40859375 0.1671875 0.171875
0 0.5171875 0.59921875 0.109375 0.1109375
0 0.6484375 0.5390625 0.253125 0.2609375
0 0.88828125 0.40390625 0.1 0.1
0 0.834375 0.33046875 0.14375 0.1421875
0 0.78671875 0.18984375 0.1171875 0.11875
0 0.93671875 0.45 0.1265625 0.175
0 0.77109375 0.56015625 0.115625 0.1125
0 0.87265625 0.79765625 0.15 0.159375
0 0.95703125 0.653125 0.0859375 0.1875
0 0.97421875 0.54375 0.0515625 0.1375
0 0.91640625 0.60078125 0.1421875 0.1453125
0 0.925 0.665625 0.15 0.16875
0 0.86640625 0.55546875 0.125 0.1296875
0 0.83359375 0.63203125 0.1296875 0.1296875