0 0.790625 0.65625 0.41875 0.553125
0 0.40390625 0.6765625 0.44375 0.4515625
0 0.55859375 0.30546875 0.234375 0.23125
0 0.28359375 0.42265625 0.1671875 0.1703125
0 0.2078125 0.15703125 0.19375 0.1984375
0 0.35234375 0.05390625 0.1671875 0.1078125
0 0.30234375 0.23671875 0.15 0.15
0 0.62578125 0.0796875 0.1765625 0.159375
0 0.53984375 0.0375 0.1890625 0.075
0 0.76484375 0.37109375 0.125 0.128125
0 0.86328125 0.396875 0.2203125 0.2265625
0 0.92734375 0.55703125 0.1453125 0.2109375
0 0.85234375 0.79765625 0.2671875 0.278125
0 0.753125 0.775 0.1296875 0.1328125
0 0.21640625 0.809375 0.2109375 0.20625
0 0.60625 0.26015625 0.3109375 0.3109375