0 0.86484375 0.37421875 0.2703125 0.5046875
0 0.55 0.69453125 0.23125 0.40234375
0 0.41015625 0.31796875 0.190625 0.1390625
0 0.2890625 0.59140625 0.090625 0.14765625
0 0.05234375 0.4484375 0.1046875 0.1734375
0 0.06875 0.25234375 0.12578125 0.11015625
0 0.17578125 0.4421875 0.10859375 0.10390625
0 0.29921875 0.1 0.0984375 0.15390625
0 0.17421875 0.09140625 0.0890625 0.1828125
0 0.60546875 0.225 0.06015625 0.11953125
0 0.6953125 0.17734375 0.08359375 0.23203125
0 0.87578125 0.22734375 0.13828125 0.16015625
0 0.9609375 0.47734375 0.078125 0.30703125
0 0.87265625 0.52890625 0.06171875 0.125
0 0.8640625 0.91171875 0.05390625 0.12265625
0 0.50390625 0.91953125 0.19375 0.1015625
0 0.4140625 0.25234375 0.22578125 0.2140625