0 0.6046875 0.42109375 0.3015625 0.453125
0 0.7078125 0.12890625 0.1875 0.196875
0 0.1671875 0.15859375 0.228125 0.3171875
0 0.340625 0.4125 0.2265625 0.3046875
0 0.46875 0.82265625 0.1890625 0.2484375
0 0.61015625 0.8234375 0.203125 0.2796875
0 0.7140625 0.44375 0.1765625 0.2515625
0 0.7078125 0.12890625 0.165625 0.1875
0 0.28515625 0.0234375 0.1328125 0.046875
0 0.3578125 0.11328125 0.271875 0.2265625
0 0.49375 0.11953125 0.2015625 0.2296875
0 0.15390625 0.3421875 0.3078125 0.3
0 0.08203125 0.509375 0.1640625 0.284375
0 0.07890625 0.69140625 0.1578125 0.3296875
0 0.171875 0.628125 0.15625 0.2046875
0 0.31875 0.628125 0.23125 0.278125
0 0.3703125 0.78984375 0.2390625 0.3796875